0 0.50625 0.32062780269058294 0.16875 0.21973094170403587
0 0.6796875 0.273542600896861 0.12812500000000002 0.20627802690582958
0 0.21875 0.5695067264573991 0.125 0.17040358744394618
0 0.045312500000000006 0.2713004484304933 0.065625 0.21973094170403587
0 0.1296875 0.8408071748878924 0.16562500000000002 0.24663677130044842
0 0.22812500000000002 0.29596412556053814 0.16875 0.21524663677130046
0 0.84375 0.4663677130044843 0.15000000000000002 0.2242152466367713
0 0.6875 0.9147982062780269 0.13125 0.17040358744394618
0 0.45625000000000004 0.9125560538116592 0.14375000000000002 0.16591928251121077
0 0.22812500000000002 0.09865470852017937 0.15625 0.17040358744394618
0 0.4890625 0.03811659192825112 0.146875 0.05829596412556054
